405 INDEX 11233410450.

219 31, 222. 486. 44, 363. 1 ,212 32, 535. 39, 514.
32340158. P 322 25, 49. 38, 664.

323 43, 300. ᾗ 2222 23, 63. 23, 202. 32, 519. 213. 36, 249.
22.-2 25, 25, Ξ 330. 432. 521. 39, 601. 43, 61. 94.

2222234311. 322 25, 49. 31, 614.
mfflffl mmmm
223 31, 355. , 4222 38, 885. 41, 53.
,2232 40, 61. 622 31, 518. 36, 111.
422232 40, 690. 22 36, 401.
ΜηΜ. Ι mma
223 31, 536. 38101. 43, 128. , ,222 32, 122.
mmm , mfflw.
2203 39, 421. , ,22122 43, 346. 348.
; ωψᾞῌωηΜΛᾚῆ
' Wssffl
Ι mfflm
2 ³ 9³2 36, 232.

,232 23, 323. 36, 22. 32, 32. 33, 226. 9 ,211992 199· 31, 311·
242 43, 429, - 2:124, 116. 38, 29.

342 32, 243. 33, 23. 40. 424. 33, 569. 42,Ι 51131130. Ι
4360 3 wfflm
,2332 33, 162. , ,232 42, 53. 42, 359.

,22232 32, 422. 33, 233. 1 ,232 42, 326.

,22 32, 222. 232. 306. 324. 636. 330. 32, 153. 2 ,2222 32, 262.
36, 62. 32, 266 s. 33, 464. 343. 33, 421. . m, 32, 92,

432. 43, 462. « 222 32, 234.

222 31391· 32 32, 424.
mmm wssm

22233411· 22 24, 24. 32, 63. 32,322. 42, 232. 43, 36.

111992 3⁰⁰· ,222 32, 343. 362. 32, 332. 36, 32. 222. 292.
322 32, 233. . 33, 194. 520. 39, 236. 43, 43.

1111992999· 5 ’212 43, 461. 554. 44, 323.
32 23, 336. 32, 49. 40, 325. 43, 422. 62, g Μ, 3„ 293, 39, 44„

522 2429335, ἒ 014391 36, 438.
0924 24: 590, ᾗ 232 23, 332. 44, 20.
l

13440,ῃῖο ⁹ 022 31, 634.
222 32, 333. 32, 223. 39, 369. 423. 435. ξ 991 {5²35441, ,233 9²? 912199995- 32. 261·

1111912 941· 999· 112 ”1· ³ ,222 24, 333. 541. 332. 23, 332. 32, 122. 412.
222 32, 432. , 32, 199. 353. 45, 22. 30, 26.
222 32, 535. 39, 324. 5 ,22 24, 15 4. 222. 363. 23, 330. 43, 32.
me j mmm

04:3¹9 31, 407 ! ΡῬἾ 23, 18. 32, 441. 40, 48 3.
332. ¹ ππω.

 

