347 INDEX 1400013031 SCRIPTURAE 340343.
Ad Ephesia-Ad Philippenses.

Cap. V. 011411.
8. -— 34, 390. 45, 678. 47, 8. 15. 6. - 37, 58. 252. 50, 583.

161· 7. - 23, 433. 25, 275. 23, 333. 33,
11. - 33, 333. 703. 33133. 31‚145. 333. 43, 33. 41, 50. 45, 33.
33 Μωωηωωω

14. -35, 131. 44, 430. 45,145. 20·
ffi-Qm, 3-3m5m5

20. - 47, 133. 3. 3.-43, 751.

33. - 31, 334. 47, 335. 9· ’43314443 {35 21· 618· 821· 47,

11· -44, ¹⁰⁰· 13. -33, 277. 47, 333. 434. 33, 13.

28 3. - 27, 667. 28, 145. 11· - 47, 328,

19· - 41· ⁷1· 12. - 33, 505. 40, 243. 43, 715.

30. - 33, 133. 13. - 25, 235. 525. 333. 33, 553. 32,

. 1. - 34, 503. 25, 313. 27, 535. 33, 223. 333. 433. 33, 33.
106· 52, 133. 13. - 47, 123.

2. -ss 24, 351. 334. 33, 313. 27, 333. 17. - 25, 74. 27, 333. 33, 333.

am· 3-33.
4-33133.

5. -- 34, 333. 343. 111 1.- 43, 33.

9. - 23, 227. 24, 704. 27, 343. 357. 3. -49, 15.
33, 162. 34, 658. · 4, .. 49, 211,

12. -25, 573. 27, 227. 33, 343. 33, 5,-33, 606,

ffiffiQffimssffl &Qm5mmmm

14. - 52, 170, 12. - 28, 274. 52, 328.
15, - 27, 622, 14. - 45, 546.

,6, „ ,οἳ 5,, 33, 6,, 13. -42355, 141. 33, 224. 44,133. 52,

163. -45, 133. 20, ..34, 131. 33133.

¹⁷⁴ ’“ 36’ ¹⁸4 ‘¹³' ¹³8' 4⁸² 3⁸¹· 21. - 33 350. 577. 45 333. 43 333
3-3333. ΨΜ 2 2 ·

011217. 1. -37, 195.
4. - 29, 286. 36, 374. 52, 174.
5. - 32, 282.
5. - 26, 223. 6. - 29, 630. 31,172. 32, 281. 34,

3. - 33, 333. 33, 372. 433. 43, 472. {3338}ssae ,131118 18311, 5⁹2· 41, 12·
3-33

15 47 241 49 439 7.-.31,513. 32,134. 35,100. 35,
.- , . , . 334. 575. 37, 377. 33, 58. 40,

13. - 45, 334. 43, 333. 333. 44, 103.
13. - 47, 455. 3. - 34, 333.
31. - 23, 333. 41, 33. 3. - 32, 355.
33 s. - 33, 133. 313. 33, 523. 43, 11. - 20, 705.

37. 43, 253. 12. - 23, 545. 25, 155. 25, 352. 31

. ω33333π
03311. 3. - 23, 408. 33, 605. 47, 41. 50, 77.

ΑΙ) PHILIPPENSES.

 

