615 1111111111 DE IEAN. 616

6666616 66161. 16111) 6666 6666616666666661116- 66666 611116661611166, 61661111) 11661 66611616,
6111 66 661116 61116661116611661. 1. 116661161611) 11 661 61661661. 061 661 6166166 66161 666 11616
66666611) 166 166116. 061 61161116 661 66 11166. qu’il 6 66611) comment peut 11 666161 Dieu 6611
111661666666 66616 :eet 666 6611166 61 cugucit 616 66161 666111) 21.Ε16666 66666 66 commuu-
Dieu. 8. Qui u'eyme 66161, 11 66 eugucit point dement 66 166 666 66166 661 66616 11166, 6611
11166,6611)166 66161161116. 9. En cele 661 6661616611) 66616 66661 666 11616.

1661161116 de 11166 6611) 6666 66611166 6666666 ,

666 11116 661666 66 616666, 1116 666 6666 6161666 01161111111 V·

661166. 10. 116 6666 661 16 charite: uon point l. Quicunque 61611 666 16666 661 16 0111161,11
6661166111) 666 6666 66666 6616611166, 61616 666166 661 666 66 11166. Et quicunque 66616 celuy qui 61)
quil 6666 6 cyme et 6 666666 66611116 6611166116 66666616, 1166616 66661 66166 661 661666 66166.
666616166661 6661 666 6661166. 11. 116661161611) 2. Ε61) 6666 6666 coguoieeoue que 6666 6616666
6111166 6666 6 61661 661666, 666611) 666666 66661 166 enfans 66 11166, 66666 6666 6616666 Dieu 61
661661166166116. 12. Ν61 66 6611 1661616 11166. 6616666666666161666661666. 3. 061 66611) 16616611)
81 6666 6616666 166 166116, 11166 66616616 66 6661) 611166 666 6666 gurdone 666 commendemens,
6666, 6166 charite 661 6611611611) 66 6666. 11111611) 61 666 commendemens 66 6661 66161 griesz. 4. 061
6666 coguoieecne 6666 666 6666 6661661666 66 166 1661 ce 661 661 666 6611166 66166616 16 616666,
61166 66 6666, 66616611) 6611 6666 6 66666 66 6166616 66116 61616116661 6611666161) 16 mundet
6661166111. 14. Et 6666 6666611) 666 61 teemoig- 666611, 6661161166. 5. Qui 66166166661661166616
6666 666 16 1616666666616111611)866666166 16 616666, 61666 celuy qui 61611 666 16666 66116
monde. 15. Quicunque 6661666616 666 16666 66116 1116 66 111661 6. 066166 6611) 16666 0111161, 661
1116 66 11166, 11166 domeure eu 166 61 166 66 11166. 661 6666 661 6666 61 661 6666, 666 666 seulement
16. Et noue 66666 cogueu 61 6166 16 61161116 666 661 caue. 61616 661 6666 61 661 sung. 11161661
1116666611) 6666. 11166 661 61161116, 61 661 66- 11166111 661 66 1661661666, 666 6661Ἐ66111661161)
616616 eucharim, il demoure en 11166 61 11166 66 661116. 1. 061 116 66 6 11616 661 6666661 166-
166. 11. Eu 6666 661 6611611611) 6116111611) 666611) moiguuge 66 6161, 16 Ρ616, le Ρ616116, 6116 661661
6666, ic 116 666666611) 6666666611) 66 1661 66 1166111, 61 666 11616 6661 66. 1166661 666611
legemem, 66611) 6616616 166166 661, 6166111) 66166166 11616 6616666661 teemoigucge 66 16161161) 11166111,
6666 66 66 166666. 18. 016161611) u’cet 666 66 16666 61 16 sung 61666 11616 6661 uu: 9. Si 6666

61161116, 6161611) 66116116 charite met 11616 16 616161611) 1666666611) 16 teemciguege dec hommes, 10 teg.
66111) 1161616 6 66166. 011160 661 616161, 11 61661 mciguugc 66 11166 661 6166 61666. 0111) 666166

66161661161166 61161116. 19. 666 166111666666611) 66116166661666666611166661116166616166611) 66
11661661 666 166 premier 6666 e cyme. 20. 81 66611116. 161111 61611 -cu 11116 66 1116611) 116
⁴ 16 teemcigucge 66 11166 66 6666166166. Qui 66
61611 6616166 Dieu, il 16 1611 meuteur: 661 11 6’6

11116111· point 6166 66 teemuiguuge que 11166 6 1661661666

{23ffi02;⁰1¹1¹02¹33n{ss⁵6⁷()⁶⁰·⁸⁸· (1111111611 66 6661116. 11. Et 666166 66111) 16 1666616666611)

¹⁶ 1666116616 61. 62. 6661166166 621. 63.

11 6666166166. ,

11) 666116616611161. rc.

¹· ucue 6666 54. 61. 11)11621. 63.

¹⁰ 6666166116 61, re. 11)16666111661161.11.

¹¹ 66161. 16.Ι 11)16666111116661161.61.11.

z 16161611116188· ι116111. 66.

11 5616118611ξέ ω’ :i 1611116111ΐὸ4. 666166 48. 66616 661 51-62.
2) 16 charite 51 61. . ⁴) 16 61161111 59.

z 6618666161661 du i. 6666 66666 621. 63. :i 16661111561151161. ‚

:i 61186156116111168616, 6. m. 161661166154. 51. 60. 66. 1116086611851155. Μ’ 60· “⁸ cm ω 59.

- , 0111016161.. 1... ... .. 6 tutti ‚ , ‚
111111116661161116666161. 61. ....)16666>1ω61.411. dmm quo cent a 5⁷⁹ 6⁰⁸ ω emt
⁸⁶) 6661661666 1661611116 116 16161661 51. 611. 661 le 6661 ¹¹) tesmciguugebt

8τ’11)61216(66111161616611166161. 6666111611 61. 66. :i 1663151061 5⁷¹ 60'
³⁷) 6666 66111621. 63. l¹⁵) 1661166166 66.

——ffl—

 

