683 1311611 6110106611

6667666, 104. 166116, 666 860. 6116661, 407. 427. 463. 666666, 6. 333.
6666666330766. 16166666, 661. 666 ’ 467. 66666611. 714.
66616, 632. 6166111166, 66 667. 61116166, 668. 560. 1 6666666, 667.
11666666161666166.66111166116666661
6661661666, 644. 61666666, 362. 1)·,666 604. 666661, 763. 764.
66666, 700. 6161166108. 166666666661, 167. 6666166,61 71
1111611611, 116. 16. 93. 310. 616166661, 664. ,66666166 6 664 6616661666, 43.
646. 668. 1 6166611666, 294. 1666616617. 17. 160. 6666661661, 66 340.

6611666162. ,16111161 144 190 219.11’.66661,190.178.186. 6116661160.

616166, 83. Ξ 336363· 186. 279. 288. 6666166, 878
11661161, 616. 16166, 872. 66661, F. F. 719. 61616666, 276. 363.
6666, 66 6.87 16111116, 210. 66666, 362. 1111116, 212.

3., 226. 1366616666, 146. Ι3661111166, 648. 361116, 61.
66616, 318 666. 666 16666, 16. 666111, 409. 6616, 6. 666. 666.
639. ,3666116666 811. Schwartz, 786. 861. Smy 16, 6. 614-618.
3666, 66 621. ’,36666611 7411 3661161666378462. 401. 36616, Th. 611. 612.
36166166, 66 626-628 36666661, 66. 376, 36611, 22. 3616661264
361616 1166166, 66 686. 1366116661’6,1166 641. 3666616, 679. 3666173.
36111661, 220. 1,3666116 11. 481. 3666666, 303. 468. 13116666, 6. 0. 113.
3666666161, 162. 153. 13666161 161. 737. 361666666, 637. 1’.3116,6116676.141.271.
say ιι, 236. 113661611110. 164. 366. 136666166, 1. 36. 311. 31666, 184.
361 6116, 764. 13666161, 0. 11. 604. sopp, 338. 31666, 666.
*31166113 111. 243. 273. 36616161, Κ. 736 36666, 66 223. 316666, 866. 866.
286. 380. 404. 419. 660. 366166166666666, 370 36666, 608. struck, 77.
796. 810. 3666116666, 708. 3616166, 242 461. 316666, 713.
3661166116 811101, 361. 31611661, 72. 31616166, 167.
113666166, 446. ,366611 8. 316666, 797.

Τ.

1166661, 784. 7661661666, 84443 626. 76661666, 810. 1 761116, 108. 231. 232.
16166166, 632. 746. 866. 71666661, 176. 76666166, 844.
761616, 434. 66616611, 643. 71111661, 817. 66666661, 202. 830.
76166166, 30. Thomas, 332. 7166666, 37. 16166611, 66 302.
7616616666 0666, 367. 1166666166, 390. 1116661, 717. 7611666, 700.

71.
0666, 33. 1 1161661, 477.

7.

76116, 438. 176666, 860. 711166 616 666, 612. 613. 7611166166, 358
7666666, 322. 71661, 308. 7111161188. 761116616, ’.170
76611, 66 555. 7161166, 348. 368. 761161, 402. 766, 216.
7611666, 646. 716661, 460. 812. 76661166, 600.

11166661. 1 1116111,ι66.616.666.661. 11611161.

W.

7766666666, 316. 739. 1 1761661666, 876. 77666616, 350. 1761166, 600.
17116666, 30. 1 7766666666, 418. 176166616641. 1

 

