579 INDEX AUCTORUM

0144441141, 502. 8111111410, 221. Danant, 248. 11111414, 342.
0148144111, 568. 1111414354. 111141, 420 51451114 p. 111141, 510.
1114114, 701. 1111141111, 554. 575). 11141, 60.

8. 8., 609. 8411434141, 880. 8114, 575. ) 81141441, 163. 669. 670.
11141114, 720. 4114141144. 81141114 1141111141, 552. 671.

8541114151, 408. 814141, 732. 8134114141, 141 821. 11441141, 656.

11514111, 384. 479. 853. 81144141, 222.

R

raguot, 767. 8414111411, 543. 549. 84114144, 397. 439. 8411414, 148. 149.
841141, 648. 640. 8141141, 800. 841441141, 653. Fronde, 623.
841441, 472. 814411, 780. 841141, 369. 8144111, 596.
84114, 433. 81411410, 684. 81414, 413. 811111, 102.

84114, 712. 814111, 619. 81411111, 805. 8. 1., 201.

*8411 206. 208. 215. 8141111410 04 84411410, 8111144114, 854.

841144, 04 253. 848. 251. 8111111411, 865.

8141141411811, 93 61401114 84111, 432. 81411441, 566.

p. 575).

ὣ

1(14114141, 1. 180. 283. (1411114111,176. (141441, 4. (14444, 308.
284. 285. 782. 818. 846. (1411111141, 166. (11141169. 1141411, 644.
11454141, S. 297. 04111141, 11. 360. 464. 1111411144, 455. (141411, 447 .

11411451, 606. 04111141, 1. Δ. 172. (101141, 786. (11441 141 8111414141,
04144, 595. (1444, 377. 492. 4141141141, 761. 274.

*0411114 1. A. 174. 282. 0441, 114 779. 041141, 765. (1144414104, 476.
*11411114 1. Β. 11. 211. 1141141, 783. 041141, 75. 685. 849. 014444, 772.

214. 628. 630. 6411411, 588. 041111, 695. 6111141, 44. 89.

Galli, 207. 0411144114, 324. 0444141, 339, 417. 420. 0111111416.
4414441111. 141. 144. 4411111, 114-144. 490. 1

18441, Em. 61. 8414441, 815. 84111411, 827. ) 8411141441, 376.
*84414 8111. 51. 61. 326. 8485111141, 540. 841141, 524. 8441, 278.

8441, 24. *8411 198. 666715. 735. *Herzog 17. 56. 63. 97. 1141411114, 522.

84444, 774. 743. 421. 840. 8111141586.
8414154411, 16. 84141141, 441. , · 114444, 874. 11141, 778.

8411411, 875. 1184111, 2. 5058. 62313. 84141, 296. 81144414341, 247. 707.
8411141410, 698. 8411114, 380. 396. 8111114814, 559. 725.

84111144, d’ 862. 84114113, 264. 84014, 400. 81111114, 542.

841114, 448. 1141111, 683. 8411, 96. Ι
8444, 18. 84111411, 873. 841111411, 32.

1141414111, 289. 1 *8411111411 13. 84141444 04111414, 230. 1

ὧ

1414411112. 14111441, 837. 1 14111411, 64. Ι 11111141, 177.
14141, 734. 1411141, 705. 14114624. ἕ 111111, 401.
14114111, 205. A 111141, 580.

 

