461 666666 166-6166661666. , 666

666661 661 66661, 66666, ‹ly-ie, 6611)(1111616166 6661 ee lieux eeleetee. 16. ,11666666 666666 16616
11661166. 33. Ρ661661 6666 66661 161166 qu’un 616· 16666661) 1611166, 666 qu'eu 1666 6166661611) pair.
eun en 666 endroit 66666 ee 1666666· 6666666 666· 6166 66616166, 61 66166 66616111) 166166 616666 de·
16666611)6166616166666666166666666616. 66666661666666. 14. 8666616661666666, 66666 666
(1111111111 Vl· ss &eleaeoffltzheqlteerbeatuffiessuekeg? {guez gem&
· l. Eusene, 61616666 16666 61 mere 661661) 16 61616 61666666 16 16 preparation de 1116666116 16
Seigneur: 666 6616 661 16616. 2. 11666666 166 6666 6616; 16.66666666611)166166 6166661616661161
6116 mere (661 661 16 premier commendement 66 16166. 666 lequel 6666 66166166 661616166 ,1666166
66666666), 3. 666 66111 16 6611 bien, et que tu 6616 1661611) 16 66166616. 11. 1166666 66661 16 1666666
16166666 616 6661616666. 4.1) Peren, 66 66666· 16 6616116116 616166 16 1666611, 661 661 16 ,6666116
6666Ι 66161 ,666 661666666666666861) 6361866116· 1611166 t(1³8.t 661666 66 1661611) 66616616 61ὰ666611·
1166,111ζῗ12111121111 1111311ἶὲ11 1111116161111111111.1111162112
66166 1661616, 66666166616611666111666661, 66 666· 8666616, 111. 616666 moy, 666 666611) 666661666
6116116 16 666166 66666, 6666666 1616161, 6. 666 16166616 6666116 me 6611 166616 6666 66666666.
666 6666666 1 16611, eemme 6661666 616166 666 6666 6661166166 16 666661 161116666116, 20. 6666
hommes, meie eomme 66616 16016161, 1616666616 lequel ie 661616166661666 6616 616166, 666, 66
66666661666166161611166, ’1. 6666666 66661) 16- ¹ 166611) 1616116666 166 666166 6666666 11 me 1
666616666 66 86166666 61 666 66161 6661666666) 666166. 21. 1161611) 666 666 6666 66661 nobie·
6. 6661666 qu’un 616666 6666666 16 66166666 16 mee 6116166611) 666 6’661 666 16 166, 1116611666,
1166 6611 6666 1611, 661166616616666. 9. Et 6666 666166 616611) 16666 61 6161661616166 6616611) 16
maistres, 161166 6666666 16 semblable, 6616661666 86166666, 6666 1666666 1 6666616166 1611) 16616
166 66666666, 6661166 666 16 Sei 6666 d'eux 61 16 22. lequel 16 6666 ny 666666 6666 6616 menne.
6666 661 ee 61666, 61 6616666661) 166 11 6’6 6 66161 666 66666611661611) 666 61161666 616611 6611616
16 6666661 66661 1 1666666666 166 666666666. 666 666666. 23. Ρ616 6611 666 166666, 61 6166111
11116 reete, 6666 166666, 66666 16616 66 6661661) 6666116616 66611166 1611666 6116666 16 sd·
86166666,6166166616666661666 666161)..11.166- 66666 16666 chriae. 24. Gneo 6611 6666 666611)
1661) 16616 16666666 16 Dieu: 666 666 66661) 6616- 661666661666166661666661666601611 66 666116,
6166 66616166 666166 166 mantem) 16 1116116. 12. (166 Amen.
6666 666666 66161 1 16116611) 66616616 6666 61 16
61616, 6616666166166 661661666166, 666166166 6616- , , , ,
666666, 666166 166 6661666611) 16 monde 166 1666· 61 “) 11 mm 111111115159· 1111111111 11111

1666 16 66 616616, 666166 166 66611666 661611661166 661 ’11) mut mm 6¹. 62. tout ,monte 62⁸. 53·

m‘often‘eeaetc 6 66 66 666 · ’ ῘῘ) 2111166θῖ ‘'Ee“ ω’ ω’ '⁶‘
⁴¹) 66666666166666686616 61. 62. 1711666 6666661666 ⁶46. u. du 666116 61. 66
¹) 66 61. 66. 1116ί).16“61.66ἒο6118111’0611)τ6ἰ6ῗ6ι113661ι660111111.ιθ 61⁸ η ’
66111666651516166. ¹ 11)(666 le me 66111. e 166616 6666616 66 burdino
«111811666111161166 61. 66. Ι ὶ Ι mn 9¹3 ileo mee r ,6611681611 66 166166 comme 1116166616 66616

:mue 6616611166 61 6166 66661166 ‘d 6 61. 66. 11. 63. 666, 66666616666161666166666161.66.

)66 1 . 60. 61. 66. 16616666 6666 ,61 , )6661.16.

1) 16666 61. 66. = ⁸³) 166 616666 1666166161 1666648.

1)16666 666166 16 166166 166 armes 61. n. ¹⁸) 16. 1166-6166661.66.

1) 6666 66611166. 11) 66 6. 61. 66.

13 famfflfflfflwssligwffl 59 61 u ἓ) 6169666616 ἒξ 66. 61. 19. 6666 6611166661. 66.
...... · 8.

16661666666 16 m. 66666666666166 1. 61. ee. ¹ 11) tous ceux 61· ⁸³·

 

