219 INDEX 10003011 60311’30343 3403410.

ο Psalmi.

3601111311. ! P3. cxxxvn.
2. - 23, 33. 331. 33, 133. 33, ¹ 3, - 31, 306.

' ⁷4⁶· ³⁷, 312· 46, 209· 6. - 23, 96. 29, 434. 439. 39,
3. - 23, 32. 290. 403. 23, 369. 243. 40, 199. 62, 33.,

33, 133. 43, 434. 46, 23.
5, , 33, ,3, ,7, ,8, 3. - 26, 22. 23, 94. 39, 393.

33,149. 39, 362. 393. 629.
P3. cxxvm. 2. - 33, 333. 62, 213. , , 40, 073. 45, 177.

3.. 311111. 1. - 41, 233. 62, 333. . 31:332& 36, 263. 10, 442.
3-Qw.

4, ,, 33, 225, ,13. 3113143111. 3. - 24, 334. 33, 313.

, 6. - 33, 339. 36, 636. 33, 266. , 0. -3Ξ4,,1,0,7,. ,3363 7,1,0, 1361, 533.

1²4. cxxx. 3. - 34, 360. 30, 691. 334. 40, 40. 43, 492.

4 ⁸⁸· 3-4’ 230010356953‘8, ἐξ ,ξδ’ Ρ3. CXXXIX. 2. -— 39, 604.

39,45. 113. 40, 237. 41, 3.-29, 515.
31. 141. 42, 264. 319. 545. 7, ,, 23, 66, 29, 41,-3622· 34,

44. 450- 45, 50. 40. 70. 999. 36, 410. 33, 433. 43,
6. - 31, 939. 169.

3. - 34, 333. 26, 440. 34, 333. 3. - 34, 343.

13. 3111131. - 30, 211. 33. - 29, 631.
1· - 39, 484· 54. 605. 33. 3111.. 233. - 36, 243.

26011111111. 1. - 26, 33. 33, 406. 4. -3116444 36, 444.
3· -48‚ 169. 1²1. 31131. 3. -34, 422. 36, 321.
9. - 24, 392. 39, 333. 33, 636.
11. - 31, 666. 43133. 43, 33. 1³⁸· CXLII· 5· - 30. 500.

13’33423 134 1311931· 33 - ¹'⁸· ⁰³³¹· ²· 31⁶3, 33. 213 31: ³⁰²

······ 1
14. -5331133 31, 343. 301. 36, 5· “ 491546· ³32 3⁸5· 3⁸2 043·
245, 486, 510, 633, 37‚140‚ 6. - 28, 376. 36, 263. 39, 234.

mffiffi2m6 &m
69. 43, 160.

6-6m.
19. - 29, 233. 46, 46.

1’4 cxxxm. ·· 33138· 33. 31113. 3. - 46, 316.

1
¹· ·· 3⁹· 3⁹¹¹· ⁵ 9. - 26, 13. 34, 131.
3331433413. 1. - 33, 433. 13. - 26, 920. 31, 139. 34, 491.
1
1

94. 314313. 1.- 29, 626.

13. - 33, 13. 102. 31, 343. 33.
m93m6m

. 40, 334.
Ρε. cmv· 10· - 2⁰2 2⁶2· 19. - 26, 201. 26, 631. 29, 611.
P3. 3133131. - 34, 133.

3-33.
3. - 26, 262. ¹ 4. - 36, 33,

3.. 3111113311. 4. - 36, 426. 33, 660. 39, 3331 6. - 43, 146.

41, 133. 206.
13. 313131. 3. - 31, 113. 33, 636.

 

