291 111333 1100033113331333343 330343. , 298
Ieremias.

0411. lv. cap. K

2.-48,77. 24.-31, 74 33, 473. 36, 454.
3,- 29, 511, 42, 427, 519. 32, 413. 39, 301.

4. — 26, 329. 024221. 4. - 52, 202.
13. - 25, 39. 7. - 49, 210.
31. - 36, 366. 13. - 40, 141.

(22. v. 3. - 26, 331. 21, 321. 23, 333. 23, 12-314646·
113. 333. 33, 23. 34, 32. 313. 21. - 36, 514.

434422, 24464, 434345· 59 33. 1111. 1.- 28, 663. 31, 630. 34, 341.

35, 3. 133.
,ξ’,ζ 24,36461.482·1l,9g1 3. - 23, 023. 34, 12. 35, 131.

15. - 25, 33. 16. - 23, 214.

22.-2313. 24, 263. 31, 323. 32, 021· ΚΝ. 6. - 42, 313.
31. 34, 430. 35, 312. 22, - 31, 544,

26⁴ ” 27' 328' 024). XV. 1. — 40, 311. 320.
034291. 10. - 25, 29. 10. - 25, 390.

02111. 4. - 23, 413. 36 33. 31, 414. 40, ¹⁶· ““ ²⁵² 2⁷⁸·
112. 222. 41, 65. 43, 113. 333. 1121. 16. -. 20, 3,

15:33, 323. 33, 631. 31, 330. 42, ⁰⁸¹³·ffl· ¹·‘ 4222483913· 35012. 31. 42⁰·

. 1, -225239, ,δ’ ,3, 2,, 1,, ,9, 3. - 32, 422. 36, 24. 131. 535. 633.

213. 404. 42, 304. 43,104. ⁶· - 3¹, 40· 33318.
13. - 43, 210. ⁷. - 32, 422. 34, 33.
24. -23, 130. 23, 334. 33, 33. 8· -33, 389·

22- 30, 112. 31, 433. 42, 330. 12-ζὲἒέ
.- , .

343. 2111 11. - 31, 601. 21 33. - 25, 21. 26, 233. 41, 10⁷.
14. - 44, 433. 24. - 24, 523. 21, 344.

23⁰ “ 3⁰'1⁰⁰' 30532111. 2. - 23, 58.
cap. lx. 1. - 26, 632. 23 443. 36, 363. 50, 6. - 43, 136.

¹4⁷· 12. - 31, 312.

22. - 29, 441· 16. - 36, 322.
23 33. -·- 27, 70. 34, 531. 18, .. 44, 432,
24. - 49, 24. 50, 122.

034). XIX. 3. - 21, 82. 26, 534.
034211. 2. - 23, 21. 21, 507. 6, - 36, 531,

6-3m3m3 3-6m.
Jjssff‘ cmm 3-332232333
6³3& am

23. - 23, 303. 625. 33, 113. 36, 433. i ¹⁰‘ ““ 3¹1 3⁹³·
45210. 32011111. 31. - 41, 132.

 

