INDEX AUCTORUM ALPHABETIOUS.

Asterisoo 6161169666161 nomina eorum qui in litteris 061161ιὶ6616 maioris 6161661111 sunt.

Δ.

Anonymi, 1. 34. 41. 48. 111.181.191.804. 809. 61166, 403. 666111, 831.

66. y.68 86. 106. 199. 813. 814. 8111868819. 6111616168 1116666, 138 361.
224. 229. 301. 306. 301. 61111666, 399 Allan, 240 388. 11166616, 619.
3313111112. 413. 481. 61161666, 93. Ammon, 166 436. 61616666 218.
608. 619. 629. 638. 639. 66116116, 663. 1461161666, 561. 66616, 412.
1111612613. 681689. Adam, 1. 664. 66611166, 669. 1466661616, 431.
693691610611618. Adam, 61. 29. 66116616, 466. *66616 62.
620. 622. 140. 111116. 6366666, 268. 1166111811. )

3.,118. Β-ΒΡ., 55. 3166111616, 11. Β. 126. 36136666, 148.
36666, 28. 36616, 826. 126. 3616666128.
36166, 623. 361661166, 626. 3166111616,11.11.23. 104. 3666666, 684.
361616166, 463. 3611, 632. 316116666, 300. 3666414.
3111661666, 611. 36666666. 426. Ι 3166111666, 461. 36661661, 64.
36661616189. 3666166, 620. 620. 621. 3166611, 176. 36166, 614.
36616181. 361661, 669. 3166666611, 129. 11166666, 209.
3616166666, 690. 691. 361611, 1. 116 446. 3666661, 132. 462. 316666, 88, ,
3611161, 824. 361666, 166. 36616661, 366. Βιοιςοιιῃθιαθῑ, 116
36161, 226. 3666161, 682. 361161, 836. Brlogor 533.
3616661661, 621. 3666666, 66 869. 361666, 630. 31661161, 636. 631.
3666616, 262. 366, 261. ’366666114121143 316166, 410.
36661111616, 133. 3666, 26. 26. 21. 260. 143. 164. 246. 249. 291. 3166666666, 221.
*36666 16. 98. 161. 181. 31666611616,11.692.123. 296. 303. 311. 321. 328. 316116666616166, 612.
316. 319. 311166, 838. 660. 3616666, 246.
3666666661, 664. 3111616, 662. *36666616 6. 130. 139. *366 ς,6661 13 14. 801.
3661, 382. 383. 614. 31666611, 334. 140. 169. 189. 269. 321. 846. 841.
36116, 31. 618. 311611· 3116661616, 113. 323. 699.
36611, 436. 3166116, 683. *3616166 99. 314. 629.

(1.

0.,103. 1016661666, 188 11116616 06161616, 411. 10166161, 423.
Camerarius, 601. p. 676). 06166666, 565. 0166661666316116, 694.
06661666, 601. 01661666, 326. 10616611116, 155. 191. 0166666, 136.

0616161, 364. 366. 313. 0116116166, 661. 1.92 193.1.94 213. 0161611161, 691.
061161161, 141. 0661116666, 498. 499 600. 066616· 316, 118. 06116666, 862.
0666666661, 693. 061661, 329. 066116, 843. 106616616. 98. 319.
0111166166, 66 863. 06116666, 26. · 0666661661, 66 304. 0666166166, 381.
0116166666, 181. 0616661, 203. 06111161, 66 634. 0111666, 556.

whom, 122. comba, 147. 211. 06616 ,4866661666 576).

36616, 444. Ι 3661166666, 469. 3166661, 662. 36666, 661. 616.
361666, 134. 366166, 416. 31666611, 293. *3666161666 116. 131.
366613 666, 142. 3666161, 116. 31161161, 392. 833. 156158. 241. 6411116
36616666, 698. Bostrec6, 488. 361661, 129. (6166)). 576). 662611.
*3611116696 146. 204. 36116616, 109. 36666, 483. 126.

234. 306. 631. 194. 316111, 166 18. 361661, 386. 394. noy, 668.
3616616, 166 613. 316111, 11. 696. )

σ6661666616611113,

 

