393 13333 3333341333. 333

3133 31, 533. 3333 33, 301.
wmm3mffi3w3m1 wwmQQQmaefflffi
13:133301. 33, 123. 43, 334. 39, 333· 41,·341.
33 33, 321. 33, 213. 42, 333. 43, 110. 33311 36, 303· 33, 333. 332.
31333 33, 521. 5211 40, 35·
133 31, 323. 31, 333. 333. 33, 333. 43, 213. ’3138 ⁷1³· 33, 334. 33, 331. 38, 131.

3113 33, 133. 431. 113 ’13 33, 133.
33 33, 333. 333 34, 432. 33, 213. 31, 333. 33, 330,

1113331,332. 131333 24, 405. 31,199. 360. 32, 215.
70 31, 433, 133 32, 36. 40, 340.

m3mffiw. wffm
33 33, 303. 113 31, 130. 32, 241. 333. 31,303. 33, 333.

1150 43, 333, 13313 39, 568. 43, 398.

393 31, 133. 113 31, 313.
ffiQffi 33wm33w31

131'2'30 33, 21. 33. 333 31, 324.
9¹70 39, 365, 43, 131, 353 23, 113. 133331. 24, 433. 333. 33, 333.

333 31, 319, 103, ἐξ, 133612. 33182435335. 32, 334. 33, 333. 433.

131139, 463· 33 23, 33. 333. 334. 33, 33. 31, 333. 32,
¹130 32, 234. 33, 433. 333. 33, 334. 33, 3. 33,- 134. 331. 33,

330 44, 231. 310.

331 33, 343.

133 41, 161.
mssmw3
3333 32, 386.

‘10 31, 134. 44, 333.
333 33, 231.
333 44, 33.

33 33, 231. 31, 311. 33, 3. 113. 40, 333.
43, 324. 33 33, 343.

¹133 31, 333. 33 33, 231. 33, 213.

13 30, 140. 31, 131. 1113 31, 33.
mffiffl 1m3m

310 33, 353. 43, 103 s. 313 39, 602.

133 33, 668. 3311 33, 433. 36, 213. 39, 138. 235.
3133 38, 583. 39,96. 182. - ,3311 39, 309. 48, 189.

1333 43, 112. 333 29, 61.

333 44, 228. 3131311 36, 316.

mam. ’ ωηω
33 33, 233.

113 33, 42.
333 40, 311. .
31 333 31, 331. 32, 31. 31, 313. 33, 343. 43, ”
p 39, 339, 242.

333 24,131.313. 31, 313. 33, 131. 433. 331. 133 33, 153.
⁶¹⁷· 39, 86· 13 23, 203. 40, 113.

ΠἾὉὩ 32, 89· w 38, 382 3.
13133140, 101. p‘v 43, 34,

 

