481 INDEX 6343008.

‘ramatum 49, 450.
Ὑστιρὴματα 32, 147. 52, 94.

Ὕστιξον πρότερον 23, 160. 343. 413. 417. 475. 582. Χ
422115. 25,88. 30713. 43, 221. 49, 188.

Χαρακτὴρ 55, 12.1

Χάρις 32, 417. 50, 20. 51,149. 52, 443.
Χάρισμα 32, 417.
· Χαριτοῠν 45, 25. 51,149.

<natvm 55, 145. Χάσμα 43, 1.

Φαντασία 48, 536. Χειροτονεῖν 23, 204.

Φθὸγγος 49, 208. ’ Χειροτονία 43, 578. 50,103.

Φιλάγαθος 52, 411. Χρόνος 49, 255.

Φιλαδελφία 55, 447. Χρῆσθαι 49, 421.

mam} 724. 36, 243. 45, 218. 337. 612. Χωρετν 33, 476.
, .

Φιλονεικία 23, 191.
Φιλοτιμία 50, 257. 52, 163.
Φλυαρία 52, 251.

Φρονεῖν 49, 141.

Φρόνημα 49, 142.

Φρόνιμος 49, 244.
Φροντιζειν 52, 433.

Φυλακὴ 55, 266.
Φυλάσσειν 55, 500.
meme, 139. 52, 303. =
Φύσιν] 41, 279.

Ψυχικός 36, 432.
Ψώρα 24, 318.

 

