399 INDEX 11118111110118.

88m.

1 . 333 31,530.

·3ω313333ω93353333
18m8mm8w8w wa&

53. {1383 184. 550. 40, 309. 43, 359. 403.
,.

zmQfflmmffimmm
&mm

553 4343, 35993, 33, 395. 09, 335. 43, 453.
,.

510153 31, 836.
&mmmm
Wssffi
mm&

5153 31, 130.
333
ώῆωῆωῶπ
QOmffi ’
’ 511053 31, 460.
mm.

· 510333, 493.
5303 39, 309.
’03 32, 403.
339
1303 44, 354.
m 81, 686.
5113 35, 334. 31, 500. 030. 03, 033. 30, 311.
QO
maemfflmw1
313 33, 335.

ωηωκωηωηωω

04331100. 40, 301. 43, 353. 303. 349.

113 44, 31.
0313 31, 255. 336. 32, 438. 33, 332.
03 33, 255.
33 38, 543.
01413 38, 543.
· 3140 ⁶⁵⁶.-
Ι313 31, 633.
0153 42, 521.
003 42, 621.
503 43, 523.
3503 55, 142.
1933 43, 295.

Ι QOnm

wQssQffl
wmmaemaeffiam
mffiffifflmssffi
mmmmm

133 31, 404 001. 33, 330303. 30, 39. 43,
&affl

mffim

1 33333.
- mwmQQQmffim.

ffiQO

,mmm
, mmm
' 18:111 40, 406.

wssm

102 34, 113. 01, 100. 493. 530. 43, 395. ἱ 302 32, 268·
· mmm
⁵ WQQ

² maa
.w8mffi
{WQQQQQ

²-wammaem1

533 43, 554.
013 30, 416.

ἶ 313 38, 260.

w 31, 188. 33303.

333 31, 120. 34, 303. 36, 35.
353 38, 181.

nvp 33, 408. 38, 335. 330. 42, 235.

· 3193 32, 53.

333 33, 262.
mm· 36, 140.
11139336, 140.

pm 24, 630. 36, 515. 33, 646. 38, 363.
ἨΜ.ΜΜ3

1333 43, 216.
113 39, 393. 40, 153. 42, 428.

3 pm? 31, 77.
“ 1433 44, 61.

 

