401 INDEX 1133341003. 408

11661 46, 344. 1116 31, 343.
6613316. ‘ Ῐ 116 31663613. 33, 4. 3333. 663. 43, 663.
11613133. 31, 333. 36, 163. 646. 41, 136. , 11116 36, 611.
ffmessML ² mmm
1111143, 414. ῐ 1116 33, 340. 32, 31. 223. 233. 231. 402.
wmm
ζ 5516 43, 233.
³ wafflz
W g 1116 33, 16.
,116 23, 210. 31, 303. 43, 431.
¹ 116 33, 446. 636. 31, 166631.
“ 6116 36, 432.
,1116 31, 636 s.
ἓ 166 31, 446.
6116 24, 343.
516 20, 333. 323. 33, 212. 43, 213. ¹ ³223 ἓξ {¹6

223 2’ {gi ὥθ’ 43’ 25‘ 663 ἕξ, 2846ὸ 31, 161646. 33, 313. 42, 231.
wwfflm Ι Μάπωῶ

mwffim ¹ mmmm
mffiffl3 ξ wa&

16 36, 207. ζ 1156 33, 333.
41354131, 666. 31, 616. 1 1116131611,

333381 4⁷4· 1 516 34, 243. 23, 433. 31, 302. 31, 361. 33,
616 31, 663. 40, 303. 43, 433. 46, 311. 1 36. 466. 30, 402. 44, 413.

4223 40, 631. ξ 616 33, 633. 31, 313. 31, 311. 333. 44, 31.
11516 44, 163. 1616 43, 334.
116 31, 333. 33, 634. 36, 432. 333. 43, 331. 116 31, 613. 36, 461. 43, 414.
1116 31, 66. 116 33, 646. 32, 324. 31, 14. 43, 14.
116 31, 661. , 156 31, 636.
116 43, 664. 66161. 1156 33, 366. 46, 646. 661.
11116 34, 611. 66, 66. 156 36, 613.
1116 43, 664. 1156 31, 366. 33, 361. 46, 331. 661.
1616 46, 333. 11156 33, 643. 36, 616. 31, 301. 33, 423. 41,

6 34, 11.
anffi
51116 31, 131. 43, 166. 231. 240. 43, 42.
fflme
136 31, 466. 33, 664. 36, 233. 42, 436.
636 36, 366.

111116 34, 611. 31, 304. 313. 44, 243.
16 3411. · 116 36, 464. 46134. 43134.
116 34, 11. 33, 201. 30, 336. 463 s. ¹ 1¹³3 39, 382.
mmfflm ÷ me

⁸¹13 23, 234. 24, 11. 33, 361. 46, 61. 43,ἰ 353 36, 646·
636. ξ 61116 34, 316. 361. 312. 23, 616.

6Μ4Μ 1 waeffl
116 36, 466. 16 31, 416. 33, 333. 33, 3. 333. 43, 331.
316 34, 6661. 42, 403. , 1116 36, 464. 33, 143333. 66, 303. 40, 131.

 

