4⁰9 INDEX 1133134100'3.

778788 38, 478. 38, 87. 39, 933. 43, 773. 43, 778 37. 784.

2⁰⁶· 378 33, 73.

mQffi mmm

888 37, 383. 38, 33. 488. 33, 373. 437. 311. m, 25 ,88ο
48, 88. 778737. 47, 783. ’

77888 38, 773. 38, 333. 48, 737.
788 38, 338. 37, 373.
77373 37, 333.
888 33, 387. 33, 88. 333. 838, 73.
788 34, 337. 37, 190. 33, 393. 33, 143. 8788 33, 787.
8788 38, 777. 37, 338. 8783 33, 348.
878 37, 778. 88 41, 378.
888 37, 778. 38, 343. 78883 33, 743.
,77373 38, 433. 771323 43, 218.
mam. QO
788 33, 388. 37, 883. 38, 383. ¹ 788 33, 73. 33, 403. 37, 33. 743. 338.
8888 38, 333. 88733 37, 388.
7777733 38, 303. 77740, 197.
mam QO
mffiffifflm. QO
88 33, 378. 787 78, 33.
888 38, 744. 5387 37, 337.
7888 23, 70. 78778 33, 773
788 43, 293.
788 73, 388.

7373 40, 672.
777373 39, 244. 7773777 33, 584. 43, 395.

388 33, 738. 88773. 38, 834.
838 37, 483. 42, 338. nnn 23, 313. 33, 401. 40, 930. 43, 37.

7733 31, 808. 377 31, 444.
73337 41, 189. 38777 42, 234.
7333 40, 381. 77377 43, 443.
3177325,165. 43149. 7777377 43, 486.
3177323318, 43, 431, 777777 32, 256.

738 37, 387. 37, 333. 838. 33, 378. 333. 38, 129 29, 292· 40, 449· 43, 467·
37. 39. 71. 373. 53 78, 88.

88 37, 333. 33, 337. 383. 47, 738. 873 32, 339.
mam. 303
7373 39, 427. 7777 23, 352. 49, 336.
78878 38, 383. 783 33, 334. 37, 878.
87878 37, 337. 888 33, 119. 30, 33. 32, 249.
7773 43, 112. 7877 40, 121.
7773 24, 13. 777377 42, 473.
wffim ¹ mQffissm

7773 33, 939.

873 34, 477. 37, 737. 33, 373. 38, 33. 401.
39, 344. 40, 197. 43, 344. 44, 437.

 

