273 mnnx 40003031 30314'411343 340343.
Psalmi.

Pu. LXXXI. 6.- 24, 25. 36, 574. Ρε. XC.
11. - 27, 407. 31, 606. 38, 662. 5.-37, 412.
47, 268. 48, 329. 11.-3γῖ430,
2111821111. 1.- 29, 623. 38, 372. 10. - 25, 400. 29, 218. 36, 394.

6. -24, 616. 26, 616. 26, 611. 11. -66, 61. 46, 212.
61, 626. 66, 162. 66, 211. 66, 12, - 33 211,
044. 42, 203. 43, 332. 41, 262. 1,. - ,οζ Π,

1. - 30, 421.

p„ fflfflfl, 15ο ,, 26, 642· 111161. ἒ. - 29, 197. 31, 555.
.- 31, 707.

11. 1111111111. 266. - 24, 416. 419. 36, 698. · 1, ,36, 55,

⁷· - 38· 654· 33, 3⁹⁵· 11. - 23, 212. 26, 666. 303. 61, 666.
16. - 66, 624. 33, 612. 64, 16. 410. 40, 666.

6-266666 666Η6

11· LXXXV· 9:13: ἓξ ’ 437- 28, 944 30, 218. 41, 23.

11.-61, 164. 16.-66666.
12· - 36. 96. 161611. 16.-26161. 64, 66.

16. 111111. 6.-26, 132. ¹4· - 24, 419·

1616111. 1. - 61, 216.
16. 1111111. 1. - 61, 626. 146. 66, 166. 66,

61. 44, 624. 616. 16. 1611. 3. - 23, 41. 66, 666.
6. - 66, 162. 11. - 46, 666.
4. - 61, 161. 266. 16. - 66, 161. 66, 16.

6. - 31, 411. 36103. 51631. 16161. 6. - 26, 666. 26, 646. 66, 666.

24111111111111. 2. - 38, 668. 1. - 20, 692. 26, 411. 28, 101.
9,-26, 154, 23, 461. 128. 46, 421. ·

13, 35, 569, 83- 20, 281. 486. 26, 1. 21, 222.

26, 262. 66, 662. 66, 616. 66.
16111111. - 26, 424. 666. 666. 44, 466.

7. - 24, 159. 9. - 26, 325. 28, 568.
6-66. 6-66.

21. - 66, 666. 16116. 11. - 26, 264. 464. 26, 661. 46,
26. - 66, 246. 66, 624. 488· 41. 408-

29· ,, 45, 59Ι 12. - 43, 313.

61 33. - 20, 616. 26, 661. 16. 1611 4.- 66, 612.

6-66. 6-66

37. - 37, 453. 606. 38, 21. 39, 8. ·— 24, 419.

166. 46266. 42, 266. 44, 661.
66. - 61, 611, 66, 666. Ρ1· xcvn. 1· - 19459.

33. - 61, 162. ²· “ ³⁶³ ¹3⁰·

6-66
16. 16. 1.- 26, 64. 666. 26, 161. .
6. - 24, 622. 26, 162. 66, 611. l

1. - 66, 426.
66, 616. 46, 304. [161611. 1. - 21, 466. 26, 466.

4. - 26, 116. 66, 661. 6. - 24, 662. 61, 666. 66, 666..
6661616666 161. 11111. 16

 

