421 INDEX 03411008.

Διαμιρισμός 45, 292. 2 Ἐν τῷ πιστεύειν 49, 275.
Διάνοια 24, 724. 51, 162. 204. 52, 90. Ἔνδειγμα 52, 21.
Δικαιοσύνη 49, 101. Ἔνδειξις 52, 21.
Δινιαίωμα 49, 101. 55, 106. Ἐνδέχεσθαι 39, 588.
Δίκη 48, 561. ᾗ Ἕνεκα 50, 26.
Διόσκουροι 48, 564. ’, Ἐνεργεῖν 52, 32.

Δολοῦν 50, 49. Ἐνεργούμινος 50, 13. 52, 356. 55, 433.
Δουλεία 24, 377. 36, 70. Ἐνέργεια51, 157. 55, 427.
Δύναμις 45, 569. 48, 286. 52, 264. Ἐνέργημα 49, 498. 500.

Ἐνθουσιασμός 25, 175. 278. 40, 86. 45, 816. 47,
354. 48, 192. 466. 49, 531. 52, 414. 55, 458.

Ἔννοια 40, 413.
K Ἐνόντα (τὰ) 45, 393.
Ἐντιυξις 52, 266.

’3333333333 33, 404. 406. 413. 426. 446. 412. Ἐξαπορεῑσθαι 5111411·
407. 497. 535. 30, 41. 50. 346. 42, 205. 43, Ἐξεγείρειν 24, 112,
100. 45, 450. 52,110. Ἐξουσξα 47, 11·

’331106061416 43, 433. ‘60966126 19, 312.

31143110. 63· Ἐπαγγιλι. 33, 303.
Εἰπὼν 55, 121· ‘116’ 46606696 33, 333. 333. 33, 106.

063113311319.151· '36116936014 43, 333. 43, 114
Εἰκονοδουλεία 48, 157. Ἐπ’ ἔλαττον 49, 338,

1111331133 66, 11· ι ’161497101443 603. 663. 60, 60. 66, 46.
Εῑρωνῑκῶς 36. 300· Ἐπιγινὼσιιειν 50, 18.

Ἐκ πάντων 49, 447· Ἐπιθυμητικὸν 40, 30.
Ἐκστατῑκῶς 44. 186· Ἑτνιοὺσιος 45, 199.

’44494740 51, 229· ? Ἐπὶ πάντων 51, 192.
’41131346 259· 1 333333. 33, 333.

’1113153 36. 145 , Ἐπισυναγωγή 66, 131.
Εἰς 45, 306. 386. 49, 452. 502. Ὲπ,,,,’,,,,,,,,,ς 50, 134ο

Εἷς 110141 49, 431· Ἐπιτελεῖν 50, 84.

Εἰς 1131334311 43, 2⁷⁵· ‘1461 61 6016 24, 333. 33, 113. 33, 333. 106. 33,
Εἰς Χριστόν 50, 124. 572. 40, 377. 49, 338. 391.

Ἔκατασις 45, 247. Ἐπιφαὺιιν 51, 219.

Ἐλίγχειν 51, 218. Ἐτέρωσις 36, 20.

Ἐλεεῖν 45, 561. Εὐγενής 48, 399.

Ἐμβατεὺειν 52, 112. Εὐγένεια 32, 324. 325. 411.

Ἔμβολιαμός 41, 175. Εὐδοκεῖν 45, 213.

Ἔμβρυον 32, 382. Εὐδοιιήσαντες 52, 204.

Ἔμφατικῶς 36, 219. 263. 37, 233. 38, 620. Εὐδοκία 37, 199. 45, 77.

Ἐμφὺτευσις 23, 576. Εὐεργέτης 36, 258.

Ἐν 45, 76. 306. 386. 49, 213. 502. Εὐθανασία 31, 676. 38, 239. 39, 80.

Ἐν αὐτῷ 49, 431. Εὔθετος 55, 73.

Ἐν παρίργοις 50, 130. Εὐθυμία 31, 155. 32, 289, 38, 411.
27·

 

