191 LUO. 192

11111111111111111111 1111111111 111111111..11.111911111111
16 genn: 11.616116111111161161111611611 9051161661 (1661 homme 6 66666661116111161, 51
66611161, 1116 116661 (1616616166116111611116661, 616 pen parachever.⁵⁷) 31. On, qui 661 16 Rny
6611661 661 16616 111661. 18. 11111) 111 66616166· (111111) 1611 61161 11661 16116 16 guerre 666116 66
66166161666611)116616611616166661. 1161166161 66116 Roy, qni premieroment 66 66 616111) 61
161 dit: I’ny 6611611 666 6616111611) 61 ny 66666· 11666611) 6111 1166116 6166 dix 161116 61161 1, 166-
611111)161161111, 6111) 1161161 venir: 1616 11116 616 66611611) 16 66161 qni vient 6166 vingt 611116 666116
1116111661 616661. 19. Ε11166116 dit: 1616611611 lny? 3116116661116616111)666116161616161,
61611 66611166 1616616611611166116666111661611 11 661616 666 6615666616, 61 16166616 166 (661666
16 16 11116 1166 moy pour 6161161. 20. 111166116 1611611. 33. 11661 1666 6611) 6116666 16 1666
dit: 1161111166 1661166 66 maringe, et 1661166116 (1111661666666111)1661661666166661611111666616,
n’y 1161111 aller. 21. 11111) 16 66111166111) 16166166, 1111) 661661661166166116611116. 34. Le 661661
6166666116 666 6116666 1666 61616116. 1161611) 16 bon: 61616 61 166611161166661661,16166166161611)
61616 1616111611) 666116661 111 1 666 6611116611 661 35116’6616111611)661661661116661616116,
61666611666111) ,661 1116666 61 11166 16 16111161 6166 16161611 mnis 66 16 16116 16161611) Qui 6
61661666 66666 166 1161166, 61 16611) impotens, 61 6161116 pour onyr‚ oye.
166 11611661, 61 166 61661166. 22. Et 16 661111661 ,
dit: Seigneur,⁴²) 1166111) 161161661166 16 666616· (1111111111Χῖ
166611,11)616666161611111666. 23. Ε1 16 61616116 1116161) 1666166Ρ661616,6116611166166-
11166 servitem: Va 1161 166 61661166, 61 16611) hnyes: 16166 116, n’nppronhoynnt 16 luy, pour l'nnyr.
6166611616616611661161, 11161166 616 1661666 6611 2. 1111) 166 Ρ1161161666 61 166 86111166 66 mnrmn·
66111116. 24. 06116 1666 dy, quo nul 16 66611661- 161661116666106616161161611166616611666,1)61
1666 111 qni nvoyent 6611 1611161, 661666161616 mange 6166 661. 3. 11616 11 1661 166116 66616 61611-
mon soupper. 25. 01 11666611) 11661116 611611 6166 111616, disant: 4. Qui 661111161616616611616661161
luy 61661661666111)161111111 26. Si 666116 11661 61) 6661 brebis, 611) 6111 6611611666, 6616166611
111) moy, 61 66 11611 666 11616 61 66 61616, 6166 1166 1661166116 1161116111116661 66 166611, 6161611
femme, 6166611) 661666, 61666116166,61666666616, 161) 611166 66116 qni 661 1161166, 1661 (16111 11611
61666616 1666166 666 nme: 1166 11661661161666 11661161 5. 1111166611) 11 161166116, 11166161

11661116. 21.1111616661666611611611)6661611,61 6616666611661661661616611 6. 61 quand 11 116611)
6611) 1166161166 moy, il 66 11661 66116 1666116· 66 161661666, 11 6111161161) 666 61611 61 1616166, 61
611116. 28. 0111) (161 661 661611 1661161666 16616111 1661 dit: Esionyssez 16666166 moy: 661 11111 116611
611161 666 1661, (111611) premieremnnt 66 1666161, (661161161616616111161166. 116 166611,(111161611
6166611116 166 16611666, 61161661 166161111) 116 6611111) 1616 66 6161 11661 66 116616616166166116-
1161161161 29. 1116 1161611166 qu’il 6616 mis 16 fon· -μ

11) 1166116161 61. 66116161 62.
1111111131, d 111611611166116.
aa} unushefiussggcffif &a δι’ ⁸⁸ 111 111111 θ11611111116661 56161116 1 61. 6.
11) 1161 1166616 61. 6. ἐξ) &assia 531 ⁸8⁸·
11111111ῑί1 1 (1111116113
61 ⁸²0„ 111, 3, 11)666161-1161. 6.
11 adpnc 6243 ἓ11ῃ1613ἱ16611’1661 6
(61 affl& 6¹1, 3, 11)116161’661.(11. . ⁹
(ι) 10⁸ omis 1161616111 61. 6. 11) 16 661616 54. 55. 61. 6.
(1) mm„ 31, 3, 17) 1161116 61. s.
11) 6 661154. 61. ⁶⁸) 11111 ⁶2·
⁴⁴) 661616161. 6.
11 166 66116 54. 59. 61. 1) Or 54. ss.
(1 grandes 11661161 6116166161. 6. 1) 1661 54. 55. 61. 6. 166659.
11) 1111161 s. 1) 1111161111 6166111116 116 61. n.
11)66661111“6 1616161661. 6. 1) 61 et il 1166 611116 61. n.
11) charge 1111 66161. 6. 1) &ille 54· ⁸4·
11118 mg 61, 1, 71116166111.1161616611661.6. 1
11) ,1111 Δ 111116111116111111111105111819. 166611661166661.1. ι
111 (115161 1166116161 61. s. ¹⁰)-il 1111116 61. 6.Ι ’

 

