303 43533 333341003. ’

,Μ333334ΜΜΜ
'anMQQQmffl.

mwmffi
wQO

WQQ

,337233 42, 440.

m0m

WQMQQW.

‘7303 3336 137. 314. 413. 436. 436. 440. 470. 634.

nmmm

QOQQQMQQQ
45663623. 40, 307. 403. 43, 304. 533.

anmwm
mQQ
mmw7

mssw
mfflm

3m3m333maemmum
1wwmffi00m0m

666. 44, 33.

Μηω
735335 36, 476.
733335 33, 73.
mmm
mQss
mmm.
wmm4

3

mffisswfflmQffiQffi

‚7703 32, 18. 426.
73733 31, 233. 38, 35.
7333 38, 447.

, 7533 25, 42. 31, 725.
7077 24, 643.
QOffi
3433 43, 436.

me
mam

wQfflQffimmmffim
&mmmmmwffim

6333 33, 207047. 30, 203. 442. 646. 36, 664.
,.

333 31, 567. 32, 13. 232. 414.
33311333 36, 148.

333 23, 48.

333 41, 173.

73333 43, 530.

333 31, 58.

1333 24, 68. 37, 531.

37333 31, 711.

7233 36, 84. 433.

33 23, 35.

333 31, 513.

3333 31, 623. 32, 162. 261. 42, 504.

777 38, 663. 44, 343.

7777 33, 527 4. 40,-767. 44, 343.
33333 31, 513. 34, 533. 45, 558.
37333 31, 523. 36, 258.

,3333 38, 16.

773 23, 113.

7774 40,161.

734033 43, 363.

774333 31, 330. ,

7773 31, 336. 574. 37, 357. 41, 55. ·

703 25, 205.

2333 38, 301.

333 44, 423. ,

777 23, 34. 31, 121. 646. 38, 212. 663.

707 38, 35. 42, 401.
733 23, 108. 36, 145.
3132334. 38, 186.
1333 36, 574.
¹70 31, 473.
'377' 37, 83.
7777 37, 253.

, 66 33, 666. 34, 663. 46, 107.

ww

713 ῗὸἑ 700. 40, 304. 42, 398 44, 221. 43,

 

