336

76 40, 160.

,464 34, 434
5444 33, 33.
6564 36, 336

33, 336
644444 36, 333

. 36, 446.

. 43, 434.

664 33, 414. 43, 130.

776774 39, 299
nm 36, 369

664 31, 213. 336. 33, 36. 40, 43. 42, 433. ²

564 33, 634
464 24, 314

. 43, 210.

0

664 33, 133. 433. 42, 433.

44 33, 34.

30 44, 423.
3¹03 33, 516.
63344 36, 367.
644 42, 366.
7434 31, 337.
33344 31, 722.
333444 36, 434.
3444 31, 332.

444 36, 336

. 43, 33. 44, 423.

4464 34, 430.
6434, 434. 36, 230. 303.

m3m0m

‘102 33, 301

464 36, 463.

44 23, 04.

644 32, 363.
66534 31, 263.
634 44, 366.
444 33, 433.

6644 33, 33.

464 33, 346. 44 434.

54433, 436. 346. 36, 363. 440. 33364.
33, 443. 443. 336. 424. 40, 334.

64544 33, 346.
364 33, 333. 434. 46, 134.

664 33, 36. 34, 363. 333. 663. 36, 433. 33,
336. 333. 40, 332. 43, 663.

644 41, 2.

66636.

INDEX [133341666.

ξ :1141 32, 393.
ῑ 0⁸13337, 589.
⁴ 464 34, 634. 36, 333.
2 '1¹73 43, 2.
66433, 463. 34, 340. 32, 363. 33, 3433

464 31,203. 33, 664. 634. 33363. 43, 300.

3 34136133, 468.
} 664 31, 267.
· 64464 36, 143.

6564 34, 333.
644 36, 333.
43464 36, 361.

3 2131 24, 333.
· ,4344 36, 343.

6444 37, 6.

ξ 464 33, 33. 36. 34, 346. 34, 633. 33, 334.

332. 33,130. 366. 33, 643. 636. 33,
666 33, 636. 40, 43. 43, 343. 43, 33.

1 ,464 34, 633. 33, 466. 43, 344.

-464 34, 634. 33, 443. 34, 433. 46, 433.

, 34664 32, 443.
⁵ 664 32, 261. 36, 164.

63464 37, 339.
,464 23, 324. 46, 66.
3664 39, 324.
· 464 24, 276. 46, 464.

3 pm 33, 132.
. 2 664 33, 443.

ῠ

ι 4446 31, 668.

44634, 464. 33, 633.
4446 34, 434.
546 33, 444.
46 31. 138.
4446 31, 347.
6546 34, 136. 220.
446 43, 433.

446 66, 26393. 33, 433. 33, 664. 33, 333.

‘00 43, 33.
65546 36, 333.

 

