. 11111111, 496.

· 1.1.,111.111.111.111. 1111111411.

ALPHABETIOUS.

1111111, 870.

11111111, 337.

11111111, 688. 806.
11111111, 440.

11111111, 270. 349.
1111111111, 107.
ΚΞἛ11111111111437

11111111, 480.

⁴* 11111111111111, 87.
1111111111111, 819.
1111111111, 19.
1111111, 12.
Keller, 428.
Paulson, 553.
1111111111, 640.

11111111, 441.
1111111, 457.
1111111111, 79.
111111115111, 828.
11111111, 351.
1111111111. 11. 299.
11111111, ’111. 820.
1111111111, 149. 835.

1..

Ι 1111111111, 633. Ι 11111111, 160.
1111111, 3411168. 1111111, 292.
11111111, 868. 1111111111, 418. 1111111111, 395.
111ῗὲ1661711 111. 111. ἷὲἶοῗῖᾆὲδ [ἷὲἶῗεῖἓιῗὴ 111.
287. 320. 834. *1111111111133150151 11111111, 370.
mm. 411. *1312121111 111. 111. 111. mm* Μ’
1111111111, 103. 11111111, 626.

111111, 826.
1111111, 410.

111111, 1111 11 239. 341.
111111, 195.

11111111. ’111. ,1111111111
1111111, 1. 418. . 11111111, 599.
11111111, P. 700. ¹ 11111111, 811.
1111111, 547. 111111, 642.
1111111, 460.
1111111111, 576.

11110111, 123.
1111111111, 40.
Magnis, 1. P. 237.
11111110. 11. 119.
1111111, 244.

111111, 235.
11111111, 414.
1111151113, 511.

ι 11111111111111, 45.
11111111, 111. 111111111Ξῖ(11

Meister, 38. ¹
11111111, 592. 1111111111, 422.
11111111, 832. *111111111111111112021
1111111, 42. 124. 803. 841.

1111111, 1111. 414. 415. 1111111, 759.

1111111, 111160.
1111111, 19.
1111111111, 485.
11111111, 355. 162.
11111111, 344.

Ν.

Ι 1111111111, 546.
111111, 80.
11111111, 114.

1., 111.

1111111111, 49.
ngy, 405.

11111, 861.
111111111, 411.

θ.

0111111, 386. Ι 0111111111, 842.

y 111111, 111.

χι».

Porrot, 839. 1111111, 277.
1111111111111111,111. Pisanus, 536.
Philippson, 823. Ρ1111111, 314.
*11111111 1911191197. 111111, 111 255.

263. 339. 647. Pontes-ie, ds 11616.
Pope, 387.

Ρ111111, 466.
Ρ11111, 144.
Paulus, 730.
Pasquet, 689.
Pastor, 261.

11111111111111, Η. 124.
228. 262. 802.
*1111111 Δ. 343. 406.
ngas, 1. 1. 144.
111111111111, 514.

*1111111111 495.
11111, 391.
11111111, 859.
111111, 298. 309.
1111111111, 281.
1111111111, 494. .
1111111111, 251.

1111, 711.

Ι 11011111, 275.
Ι 1111111, 829.

Π1111,1)11111 426. 641.
111111, 146.

1111111111, 183.

111111, 563.

Moses, 266.

11111111, 1. 465. 482. 484.
11111111, P. 1. 429. 430.

1111111, 486.
1111111, 755.

Ρ11111111111, 110.
Ρ11111111111, 535.
Ρ111111, 81.
1111111111 188. 727.ι
Pusux, 10. 82. 256. 280.

37·

 

