340 10010111400010011001411'703410 0400410.
Ad Philippenses—Ad Thessalonicenses 1.

676. 77. cap. 777. 7. - 47, 433. 43, 337.

73. - 76, 647. 36, 220. 666. 3. - 76, 673. 77, 377. 30, 317. 31,
02²0. 47, 736. 40', 111. 47', 1111
3233333, 131. 43, 644. 66, 447.

46 66666676666. 4.- 36, 442.

56. - 35, 326. 50, 55.
Gap. Ι. 5. -23, 124. 52, 405. 8, - 47, 433,

10. - 49, 565. 9. - 26, 145.

6-626 6-334ωπ
76 s. - 27, 466. 37, 346. 32, 433. 12, ,, 23, 203,

18· -45, 188· 14. - 24, 002. 722. 37, 746. 40, 012.
76. - 33, 766. 46, 777. 66, 676. 40, 666.

766. -44, 121. 15. - 33, 030.
21. - 23, 667. 20. - 24, 003.
22. - 66, 776. 21. - 67, 773.

24· - 5828, 316118· 48, 2⁰· 400. 5⁰³ ¹⁰· 4 cap. 17. 7.- 66, 767.

76. - 46, 766. 5· - 40, 344·
76, - 49, 291, 1 0. - 33, 707. 40, 168. 345. 51, 211.

76. - 33, 777. 47, 346. 67, 201. 7 14· - 52. 392·
23. - 52, 300. !

. · 3. - 22347243332· {32, 238331· 3Ξῇ {g} 4⁷> Ι 46 663664667776677666 1.

7. - 27, 228. 04111. 3. - 49, 015. .
8. -45, 202. 47, 240. 48, 482. 15.-01,181.

8· -6895 6487628333 {342} 333· 33 z 666. 77. 13. - 48, 400.

11. - 23 243. 27, 070. 76, 664. 46, 19· ·· 37, ¹95·
678. 40. 440 77164· 66. 1v. 4. - 24, 044. 31, 766.
77. - 76, 766. 7. .- 74, 776. 37, 666. 43, 776.

73. - 46, 366. 73. - 23, 677. 77, 776. 73, 777. 773.
74. - 24, 346. 77, 636. 33, 40. 37, 39, 83· 41, 288· 487118·
766. 46, 767. 46, 666. 467. 66, 16, .. 49 253, 562,
423. 636. 01,171. 05,112. l, - 48' 248
. , .

76. - 74, 340. 27,200. 36767. 47,776.

¹⁷· 41⁵4, 120³· 6633636 04 f ⁰⁸⁹· 3 3 ’6343 88734413 4373433

76. - 67, 764. 776. 333·

m-Qffi· ¹ ff-ffsseswm
m-Qm ”” ”’

73. - 76, 666. 30, 23. 30, 66. 346, 1· ·- 18, 31·
36, 327. 40, 774. 47, 766. 46, 6. - 67, 736.
443. 466. 77. - 33, 767.

 

