321 1211>on 1400021111 sommum 8140111411. 322
Ioannou—Auta Apostolorum.

0311. 3 099. XVI. Ι
3-3144· , 9.- 28, 991. 99119. 99, 92.
9, ..49, 22, 123. 33, 91. 49, 921. 9999.

19. - 91, 119. 92, 44. 11. 13. -11, 9019.
18. - 49, 149. 29. 21. - 23, 412. 29, 498. 99, 991.

99 J 99 {33 45 6,, 99. - 4939, 959 41, 298.
· , . , .

29. -99,91. 91, 999. 33,111. 94, (19· RVH· 1· - 31. 193. 31. 16.
999. 91, 19. 99, 221. 92, 999. 2, .. 35, 666,

349. -24, 610. 690. 31, 771. 3. -31, 618. 48, 313. 40, 24.
38. - 50, 71. 5.- 24, 417. 31, 47. 35, 646.

cop. XI. 8. - 48, 15. 6, ..54οἓ 24ῗ30
29. - 29, 12. '

11. - 33, 499. 91, 192.
35. -14, 306· 12. - 29, 989. 99, 982. 99, 191.
31. - 23, 154· 15. - 49, 984. 99, 111.

9191111. 19. - 29, 991. ’ 19. -24, 499. 499. 91, 299. 41,
91,-2311, 183. 55, 28. 64.

Q—ffiffl· n-Qm
ffi—&m ae-Qw.
91. - 91, 299. 19, 911. 11931111· 3-11136·
ffi„Qffl, ae-Qw
w-mwofflo omm,m-Qffi
owfflmssw& ffi-um
48,-41491. 50,17. 74. 51, 205. 3543: 21,

4⁷· “ ³⁴³ ⁶⁴¹· 4⁶² 2⁶· 99. - 21, 919. 44, 999.
o-Qfflomw
9991121. 8. - 37, 88.

99911111. 18. - 31, 422. 11. - 91, 291.
94. -91, 19. 19. -49, 992.

0949. xlv. 1 9. - 50, 199. 23‘ “ 31’517'
2. - 28, 999. 11. - 29, 998.
9. - 91, 119. 19. - 30, 199.
1. - 99, 91.
11. - 99, 228.
, {g ἶ i} {²2} 19111 199999999991.
· ' · 01141. l. 6. - 45, 649.

8. - 41, 122. 92, 991.

999111. 2. -99, 191.

19. -348,4419. 29, 999. 33, 999. 2044149199,
, .

16. - 99, 191. 49, 198. 999. 49, 31911· - 99, 394.
18· 306· 9. - 41, 28.

09491171. 7. -41, 61. 48, 47. ¹ 9. - 39, 384. 389.
0191111499· opero Vol. LVIII. 21

 

