³⁸3 111111111 1113311333.

1111131, 113. 1311, 210.
1131 31, 111. 113 33, 333.
,111 31, 333. 331. 33, 131 13, 331. 3133 33, 30. 40, 340.
11131131, 132. 33, 32. 333 31, 333. 434, 33, 313 1.
ψ1333 mQffiQmmmffiam
mfflffl 1mQffi
111 33, 333. ,11113 31, 133.
1111 31, 333. 33, 131. 333. 13, 113. 134 32, 313.
1111133133. 33, 333. 111133, 133. 42, 313. 43, 133.
mQffi
111 33, 402.
1111 31, 333. 33, 313. 33, 523.
311113, 331. ’

1111133, 33. 133, 311. 32, 133. 131.
313111 24, 91· 40, 5⁶0· · 111 24, 32. 33131. 42, 311.

,ΜΠ 30, 202, , - m* 31, 129.
0'111 24, 364. 567. 570. 25, 246. 468. 37,102. 71643, 148·

ξ(3,11334 33, 313. 13, 333131. 11, 313. w 37, 527· 38, 301·

1111133, 313. . 1113 33, 31.

m0m 313
1313111 38, 320. 10:142524. 43, 5. 44, 398.
1111133, 333. 13, 133. 41, 220. 1139. ⁵23·

1111131, 33. 3131311. 33331. 43, 213. 111’39.219.
33 133

anffi } wstm
mam 7 wstffl
1111133, 211. 31, 331. 33, 313. 11, 133. 131, 111, 31, 231. 31311.
QO . ' me
,1311 33, 3. 33, 330. 11131, 431.
· 1111 31113. 1111 31, 113. 33133.
1111 11, 131. Ι 1111131113.
mam 1 w0maeffl1
1111 33, 10. 330. 30, 303. 333. 421. 13111· 13131333.
4 1131311. 11, 311.
· 1111 33, 333. 33, 31. 43, 433.
{mwffffl
Jmmm
Ὦ f wffim

333 39,187. 40,571. ἰ 331 31,133.
wQffi . mmm

113 33, 133. 31311. 32, 113111 33, 31. ξ 31336,81.196. 43, 333.
33, 313. 303. 13333331. 13, 33. , 1·- 31, 311.

11113 31, 333. 33, 131. 133. 1 11131, 333. 133. 13, 111.

 

